17 de dezembro	1236	25	17	3	0
18 de dezembro	1197	15	27	0	2
19 de dezembro	1173	14	15	3	4
20 de dezembro	2912	37	34	1	1
21 de dezembro	1848	20	15	2	0
22 de dezembro	1015	14	13	1	3
23 de dezembro	1001	19	13	0	0
24 de dezembro	1033	17	7	0	0
25 de dezembro	1414	30	16	1	0
26 de dezembro	2034	46	29	0	0
27 de dezembro	2104	59	20	4	3
28 de dezembro	1612	43	32	1	1
29 de dezembro	1736	51	21	0	3
30 de dezembro	1711	44	21	2	0
31 de dezembro	1392	28	28	2	3
1 de janeiro	1285	23	22	0	0
2 de janeiro	1578	39	22	1	2
3 de janeiro	1727	29	23	4	1
4 de janeiro	2033	26	25	5	0
5 de janeiro	1613	38	20	1	4
6 de janeiro	1787	42	31	1	0
7 de janeiro	1971	40	39	2	5
8 de janeiro	2093	25	53	5	0
9 de janeiro	1144	28	15	2	1
10 de janeiro	5800	64	106	12	5
11 de janeiro	1969	34	30	4	1
12 de janeiro	1592	33	46	1	2
13 de janeiro	1803	24	23	7	1
14 de janeiro	1450	28	20	1	1
15 de janeiro	1618	31	14	0	1
16 de janeiro	1722	34	21	2	1
17 de janeiro	1810	35	17	0	4
18 de janeiro	1677	24	40	1	1
19 de janeiro	1217	22	20	0	3
20 de janeiro	1306	32	16	2	1
21 de janeiro	40309	321	521	28	38
22 de janeiro	255749	1362	3480	143	320
23 de janeiro	130655	1462	1627	78	104
24 de janeiro	43837	588	474	25	41
25 de janeiro	12146	210	160	13	18
26 de janeiro	9770	127	118	5	7
27 de janeiro	9722	123	160	19	8
28 de janeiro	7535	93	113	12	6
29 de janeiro	8086	95	114	8	7
30 de janeiro	9665	76	154	8	11
31 de janeiro	29673	176	280	15	25
1 de fevereiro	43183	345	572	31	20
2 de fevereiro	64565	700	1222	42	32
3 de fevereiro	35946	389	596	16	31
4 de fevereiro	15533	177	240	8	15
5 de fevereiro	41481	180	216	16	37
6 de fevereiro	87499	424	646	30	101
7 de fevereiro	46394	203	469	25	72
8 de fevereiro	26020	280	379	17	22
9 de fevereiro	25948	470	529	51	23
10 de fevereiro	19540	283	372	35	25
11 de fevereiro	21646	454	407	23	23
12 de fevereiro	14499	176	241	16	15
13 de fevereiro	14566	171	215	12	10
14 de fevereiro	10601	135	173	30	7
15 de fevereiro	7620	121	123	8	9
16 de fevereiro	9782	142	194	13	8
17 de fevereiro	28392	299	470	22	12
18 de fevereiro	34492	313	630	28	16
19 de fevereiro	16515	154	236	17	14
20 de fevereiro	12049	147	172	9	6
21 de fevereiro	20314	277	344	24	29
22 de fevereiro	23677	333	460	28	26
23 de fevereiro	20768	287	387	16	10
24 de fevereiro	14822	202	287	12	12
25 de fevereiro	11202	168	242	11	17
26 de fevereiro	9510	158	165	14	7
27 de fevereiro	9571	139	173	8	4
28 de fevereiro	7369	86	131	5	4
1 de março	9195	91	157	3	5
2 de março	9992	108	166	10	9
3 de março	11743	145	203	7	8
4 de março	12910	184	259	16	10
5 de março	9674	140	213	6	10
6 de março	8305	113	141	8	7
7 de março	7566	112	142	3	4
8 de março	7339	102	122	4	8
9 de março	9513	110	152	10	12
10 de março	7052	124	132	15	9
11 de março	7411	91	125	10	10
12 de março	6918	107	112	3	4
13 de março	7434	85	189	1	9
14 de março	6516	100	152	8	6
15 de março	6287	93	141	7	4
16 de março	7142	80	122	9	10
17 de março	7326	67	119	7	4
18 de março	6682	88	147	10	4
19 de março	6679	113	170	8	13
20 de março	5195	62	142	4	10
21 de março	4768	69	122	6	16
22 de março	4883	75	106	8	6
23 de março	5213	87	114	4	12
24 de março	3927	64	76	3	8
25 de março	3779	56	84	9	6
26 de março	3862	67	87	8	6
27 de março	6264	127	153	11	12
28 de março	7300	129	175	13	12
29 de março	6880	127	159	12	15
30 de março	10415	178	289	16	11
31 de março	7932	164	196	16	18
1 de abril	5824	92	152	19	13
2 de abril	7645	120	199	12	7
3 de abril	6793	146	199	16	12
4 de abril	7964	166	227	29	13
5 de abril	8339	176	249	19	17
6 de abril	6661	137	176	15	15
7 de abril	6251	117	183	11	18
8 de abril	5343	133	133	17	10
9 de abril	4428	91	151	9	15
10 de abril	4127	61	191	10	8
11 de abril	3538	54	88	6	8
12 de abril	2591	33	51	9	8
13 de abril	2727	41	54	3	6
14 de abril	35673	329	459	23	21
15 de abril	155251	1824	1814	168	188
16 de abril	114825	1770	1714	301	161
17 de abril	89185	1290	1399	160	121
18 de abril	35237	481	659	101	55
19 de abril	21070	291	448	78	42
20 de abril	15610	220	333	42	38
21 de abril	15945	227	337	37	19
22 de abril	39037	918	709	120	42
23 de abril	361708	9457	3872	235	275
24 de abril	209810	5911	2335	90	262
25 de abril	146058	3891	1492	87	164
26 de abril	48518	1321	696	41	62
27 de abril	18000	382	277	27	18
28 de abril	13748	247	329	37	15
29 de abril	10346	186	225	14	16
30 de abril	12133	241	250	21	20
1 de maio	26768	975	411	24	29
2 de maio	32795	1094	567	28	64
3 de maio	41707	1249	608	36	40
4 de maio	50544	1407	790	35	70
5 de maio	52896	1653	843	34	102
6 de maio	37115	1241	629	29	55
7 de maio	19170	467	365	27	26
8 de maio	29592	505	503	24	31
9 de maio	28267	542	442	20	20
10 de maio	30308	896	468	20	38
11 de maio	28373	789	401	18	31
12 de maio	46138	1153	827	35	51
13 de maio	55779	986	820	60	73
14 de maio	68412	1031	1051	68	89
15 de maio	87424	1651	1706	96	141
16 de maio	55392	1068	1152	99	118
17 de maio	48044	914	956	72	94
18 de maio	47429	1076	790	54	72
19 de maio	45542	1163	819	84	71
20 de maio	24962	542	537	99	46
21 de maio	25278	705	588	104	44
22 de maio	25183	692	679	112	50
23 de maio	28474	912	750	140	60
24 de maio	22329	802	494	72	42
25 de maio	20439	729	484	90	36
26 de maio	17349	535	417	50	28
27 de maio	16987	538	349	26	25
28 de maio	21402	851	402	35	35
29 de maio	25155	1207	479	21	33
30 de maio	31222	1672	683	23	56
31 de maio	33664	1602	692	40	60
1 de junho	26009	928	549	41	38
2 de junho	26055	860	471	29	42
3 de junho	53174	2219	939	58	83
4 de junho	61551	2568	1164	26	75
5 de junho	71700	4013	1447	39	155
6 de junho	55034	2165	989	26	108
7 de junho	30288	739	469	14	49
8 de junho	20064	526	332	30	33
9 de junho	16735	383	424	19	25
10 de junho	14014	268	285	25	10
11 de junho	11914	214	256	31	16
12 de junho	10659	200	237	13	12
13 de junho	9344	186	205	14	26
14 de junho	10387	261	237	21	19
15 de junho	12747	317	236	17	13
16 de junho	10967	273	260	22	13
17 de junho	10332	258	239	10	13
18 de junho	14338	451	316	26	18
19 de junho	12868	435	342	14	21
20 de junho	867263	40442	20947	355	3065
21 de junho	2255196	127296	65963	571	6883
22 de junho	1031494	54967	33040	273	2384
23 de junho	377895	21238	11575	98	983
24 de junho	15928	481	428	18	42
25 de junho	14023	326	387	20	24
26 de junho	8848	202	237	3	15
27 de junho	13178	260	325	13	30
28 de junho	11159	171	180	2	13
29 de junho	10385	173	187	9	10
30 de junho	20577	320	419	12	25
1 de julho	32642	385	599	29	22
2 de julho	29309	349	604	42	38
3 de julho	54576	818	1565	139	136
4 de julho	40955	661	1213	108	119
5 de julho	27375	406	740	58	55
6 de julho	19245	312	478	33	37
7 de julho	25039	375	602	42	29
8 de julho	27239	373	714	48	60
9 de julho	35428	503	858	43	63
10 de julho	57267	1187	1271	46	81
11 de julho	29247	560	636	35	36
12 de julho	33172	639	805	38	44
13 de julho	21156	314	624	40	56
14 de julho	16253	294	459	32	29
15 de julho	13262	208	282	8	53
16 de julho	13816	233	342	23	30
17 de julho	12644	233	366	25	20
18 de julho	19245	334	535	29	46
19 de julho	17270	256	391	20	40
20 de julho	22017	314	496	27	34
21 de julho	18208	316	508	23	36
22 de julho	16934	259	424	21	34
23 de julho	18190	239	390	27	41
24 de julho	14804	229	384	11	33
25 de julho	16571	230	557	26	28
26 de julho	14157	220	343	16	24
27 de julho	15874	239	415	32	35
28 de julho	18567	308	502	38	38
29 de julho	20522	305	562	32	41
30 de julho	15235	256	436	130	37
31 de julho	11829	209	309	26	29
1 de agosto	20216	302	519	38	30
2 de agosto	19124	295	402	18	34
3 de agosto	16347	291	389	21	29
4 de agosto	25153	311	675	25	41
5 de agosto	58685	607	1061	47	73
6 de agosto	44597	499	736	54	61
7 de agosto	46290	436	595	29	43
8 de agosto	18485	274	324	12	25
9 de agosto	15755	241	346	12	18
10 de agosto	12148	206	248	16	18
11 de agosto	16247	222	351	12	24
12 de agosto	15272	215	269	14	12
13 de agosto	15762	259	261	20	24
14 de agosto	14247	246	311	23	34
15 de agosto	13163	240	315	13	27
16 de agosto	11244	245	236	13	15
17 de agosto	11899	219	270	5	13
18 de agosto	13557	265	308	16	21
19 de agosto	14400	252	335	12	31
20 de agosto	16252	335	390	16	53
21 de agosto	13128	248	345	29	31
22 de agosto	16361	348	415	37	28
23 de agosto	11114	196	299	34	16
24 de agosto	11576	240	287	15	33
25 de agosto	12784	246	325	26	10
26 de agosto	15831	250	264	20	30
27 de agosto	290622	9843	3709	242	869
28 de agosto	1344495	60583	26435	1292	7346
29 de agosto	47280	1013	989	98	157
30 de agosto	73060	1957	1436	65	142
31 de agosto	104648	2989	2019	139	215
1 de setembro	66680	2077	953	35	73
2 de setembro	56544	2115	741	23	56
3 de setembro	59705	1518	817	28	90
4 de setembro	376884	7844	12815	199	691
5 de setembro	528020	11037	24624	212	906
6 de setembro	367091	6759	15914	112	609
7 de setembro	211740	4127	9286	86	384
8 de setembro	99182	3346	3008	39	148
9 de setembro	100038	3848	2345	-239	175
10 de setembro	148608	3228	5432	104	354
11 de setembro	98110	2590	3386	45	198
12 de setembro	125307	2953	4716	64	322
13 de setembro	81414	1967	2575	32	168
14 de setembro	74002	1766	2129	34	145
15 de setembro	53636	1058	1593	36	94
16 de setembro	45196	841	1155	41	98
17 de setembro	63403	1411	2296	64	109
18 de setembro	55320	1208	2041	26	95
19 de setembro	52383	1218	1624	40	66
20 de setembro	59557	1663	1912	42	104
21 de setembro	49025	1077	1625	44	71
22 de setembro	45551	722	1250	107	79
23 de setembro	134702	1491	2842	488	180
24 de setembro	70085	1002	1666	188	108
25 de setembro	61433	733	1561	107	79
26 de setembro	51870	744	1254	116	72
27 de setembro	60742	861	1440	162	86
28 de setembro	52663	1222	1222	113	68
29 de setembro	2025011	91168	51730	925	7496
30 de setembro	2627698	140820	86422	1274	12531
1 de outubro	90148	2676	2263	74	247
2 de outubro	45560	1057	1223	53	93
3 de outubro	39240	990	968	72	68
4 de outubro	31446	856	626	25	56
5 de outubro	28863	738	547	30	38
6 de outubro	23210	670	484	59	33
7 de outubro	23927	766	555	32	53
8 de outubro	33721	1655	595	37	53
9 de outubro	26204	1008	472	28	51
10 de outubro	31416	968	599	35	41
11 de outubro	48634	1217	813	39	58
12 de outubro	32207	928	516	31	36
13 de outubro	20113	460	494	29	39
14 de outubro	16703	437	355	18	24
15 de outubro	16528	452	377	19	21
16 de outubro	16832	451	403	18	15
17 de outubro	19242	575	440	33	33
18 de outubro	15413	475	312	12	35
19 de outubro	15372	426	358	46	36
20 de outubro	18451	344	521	37	17
21 de outubro	17089	293	411	30	15
22 de outubro	19131	424	437	64	45
23 de outubro	20107	426	462	59	35
24 de outubro	22072	427	382	49	26
25 de outubro	22109	580	382	12	20
26 de outubro	30330	1321	410	17	29
27 de outubro	25927	1091	393	42	20
28 de outubro	43028	1036	1153	78	55
29 de outubro	26045	483	789	94	41
30 de outubro	29563	459	900	136	69
31 de outubro	115280	1450	3170	292	406
1 de novembro	83532	993	1876	131	217
2 de novembro	52462	684	1319	74	114
3 de novembro	38836	574	1110	179	124
4 de novembro	36741	541	1068	80	111
5 de novembro	29314	446	795	62	59
6 de novembro	25252	371	742	51	57
7 de novembro	23093	435	739	50	39
8 de novembro	18291	304	487	35	24
9 de novembro	29483	399	668	33	58
10 de novembro	28355	391	714	68	59
11 de novembro	28215	393	762	53	57
12 de novembro	24171	379	689	32	47
13 de novembro	32688	498	894	33	87
14 de novembro	34711	475	810	39	68
15 de novembro	34665	458	850	34	57
16 de novembro	28319	386	591	37	30
17 de novembro	25081	362	557	24	33
18 de novembro	28525	420	754	39	46
19 de novembro	28581	416	859	36	45
20 de novembro	27242	419	761	52	56
21 de novembro	25650	353	526	25	39
22 de novembro	167302	5676	3008	143	242
23 de novembro	149888	4316	2672	139	176
24 de novembro	153083	4715	3023	154	187
25 de novembro	162892	5186	4101	105	198
26 de novembro	119710	3751	2960	45	152
27 de novembro	100879	2826	2541	51	141
28 de novembro	70480	2009	1751	22	89
29 de novembro	44410	1299	933	79	68
30 de novembro	34346	1070	691	22	52
1 de dezembro	45013	1132	1101	41	63
2 de dezembro	447499	15057	10060	378	2554
3 de dezembro	1175135	40267	29385	741	6760
4 de dezembro	1735218	68167	52490	747	12577
5 de dezembro	1062348	39987	32028	426	9279
6 de dezembro	89848	2509	2404	96	425
7 de dezembro	74633	2376	2316	146	143
8 de dezembro	54982	1618	1832	157	130
9 de dezembro	55505	1452	1474	96	74
10 de dezembro	49299	1241	1278	63	76
11 de dezembro	51262	1133	1176	51	87
12 de dezembro	54479	1111	1439	15	72
13 de dezembro	47483	1263	1065	4	57
14 de dezembro	42807	1320	919	-16	79
15 de dezembro	46470	1301	1366	-14	75
16 de dezembro	43883	990	1094	20	52
